850
602
97
598
219
185
792
911
305
481
212
417
621
114
263
904
554
275
267
522
73
166
989
545
146
806
25
610
338
829
806
606
136
912
228
271
587
221
55
166
264
841
141
99
204
314
201
389
303
232
237
35
977
408
88
285
66
410
241
285
24
725
220
945
358
303
487
946
147
280
363
634
534
748
228
271
157
128
154
320
388
480
75
24
318
424
127
209
176
690
253
95
75
90
949
396
473
525
333
478
157
77
533
261
996
328
624
640
892
783
431
970
221
37
14
138
330
819
90
147
297
644
200
475
268
433
165
41
38
599
913
468
17
134
735
878
787
90
493
805
545
996
806
569
761
965
49
573
894
447
571
40
110
27
838
30
390
291
354
996
392
235
261
7
792
264
30
127
1
514
275
59
32
156
65
333
185
369
86
364
790
236
472
666
647
566
769
446
160
537
530
556
907
204
508
337
435
833
792
170
138
201
846
807
173
46
127
236
545
364
74
151
595
396
315
730
230
447
836
134
744
251
22
458
246
326
767
139
835
80
309
792
705
556
648
6
829
590
311
625
806
907
139
444
537
134
338
134
372
693
331
263
29
13
613
731
144
198
545
59
900
54
134
762
458
116
879
254
293
447
943
969
113
303
568
246
165
446
305
647
231
52
342
870
474
124
611
483
320
961
432
191
212
580
861
338
296
28
938
738
315
83
19
733
101
45
885
27
556
798
689
89
93
20
492
283
24
604
391
153
278
48
220
225
204
285
738
191
812
731
230
711
136
496
156
818
95
163
101
114
285
206
364
123
528
241
204
318
23
424
260
342
105
181
366
93
463
830
686
542
364
410
739
719
284
149
837
644
113
12
426
806
396
596
27
829
77
277
388
240
275
595
556
42
170
442
340
258
595
13
381
15
144
218
17
863
42
569
612
835
543
975
556
92
514
420
70
653
223
754
67
844
829
113
110
252
201
915
364
432
410
12
679
20
96
90
1
545
409
299
153
396
89
266
408
23
106
890
868
104
479
320
850
16
175
82
395
342
368
87
615
756
336
188
652
69
91
513
177
746
782
802
701
657
355
194
550
255
59
97
34
315
204
49
164
644
978
374
153
51
623
726
310
744
792
232
41
872
78
334
412
556
341
816
417
1
469
174
595
263
652
184
87
446
62
341
125
514
90
966
199
990
644
775
97
444
603
738
517
160
704
951
526
792
376
858
850
886
164
556
245
260
710
22
461
449
915
89
780
315
276
281
164
141
321
917
83
37
364
630
506
537
230
549
114
285
137
167
890
572
132
781
247
655
317
174
321
704
98
101
119
399
541
396
227
671
357
108
232
1
554
185
977
992
31
642
759
879
1
30
198
830
61
792
206
336
191
764
260
477
183
229
689
761
757
843
172
843
553
276
28
177
215
382
40
552
48
806
749
540
194
33
701
382
545
293
311
688
809
72
464
104
935
275
303
440
95
738
665
835
282
563
639
776
958
793
366
134
526
359
988
305
280
517
207
906
137
912
279
792
333
602
204
177
783
114
832
452
275
237
336
527
22
106
94
732
650
153
511
829
495
240
791
926
571
950
822
500
164
728
673
131
303
290
223
965
333
135
192
792
680
247
700
331
821
34
821
220
418
601
20
871
382
208
42
594
1
419
15
675
850
265
449
952
198
30
857
850
73
717
702
144
83
445
806
569
806
645
3
1
162
545
556
744
460
151
595
46
186
234
152
187
20
93
975
89
944
156
164
88
288
227
79
206
537
543
315
806
530
11
306
21
162
687
563
47
90
27
473
72
674
537
886
264
650
381
302
410
20
195
537
536
476
275
569
708
239
23
23
618
162
120
59
340
736
7
287
556
821
502
414
110
773
897
543
73
8
208
59
157
6
190
89
641
540
884
14
280
443
2
261
271
432
915
83
694
886
323
176
364
73
748
92
271
860
114
453
41
1
32
823
749
585
250
43
20
6
990
595
134
110
187
942
213
57
555
868
950
290
904
660
282
643
166
202
28
60
573
372
449
204
119
780
886
155
310
19
862
163
716
181
719
94
835
521
3
653
163
898
830
312
543
988
979
264
540
424
508
125
587
965
444
573
839
694
508
977
965
514
305
56
595
206
514
364
159
707
770
321
950
10
176
118
903
437
327
373
757
262
285
303
935
569
835
755
28
204
545
312
482
432
171
200
179
141
383
8
77
174
303
44
902
163
11
30
548
162
408
212
88
713
141
22
430
0
37
817
418
432
231
196
295
256
163
935
514
396
981
90
45
127
598
551
470
12
257
829
950
715
888
530
166
209
879
738
539
452
77
244
20
513
418
850
122
992
816
966
190
514
638
74
206
675
869
60
315
264
22
320
799
111
305
929
191
879
55
770
968
24
609
212
421
41
181
204
842
996
79
370
512
251
654
101
174
405
3
59
727
786
754
995
238
756
702
145
206
388
190
372
880
605
553
356
595
335
431
806
49
945
894
987
122
485
800
865
307
480
950
33
8
996
253
154
187
249
24
348
156
953
431
543
598
838
90
110
915
281
672
246
484
10
6
261
271
378
287
88
996
131
148
856
160
827
82
899
144
204
209
141
595
420
157
3
173
165
729
22
84
485
731
570
430
264
288
5
830
50
432
102
346
230
974
28
101
57
709
206
480
6
93
835
73
381
366
486
503
695
434
617
198
886
990
397
480
931
420
192
451
20
146
418
585
595
761
275
578
163
126
60
181
830
770
543
8
273
177
879
163
158
163
883
340
431
310
40
396
56
399
764
90
118
377
598
191
725
828
280
595
396
187
556
229
122
112
59
181
310
164
631
242
180
570
606
22
439
336
482
636
923
30
79
825
463
447
93
480
260
806
770
311
336
381
960
527
147
416
557
435
265
458
242
659
431
305
104
294
15
261
219
8
996
289
119
31
362
261
432
232
148
688
198
499
987
112
21
64
562
628
524
811
1
71
326
806
207
521
985
86
519
157
497
939
251
144
519
254
28
835
536
310
134
633
51
965
630
148
28
308
487
174
346
116
310
857
119
598
696
514
287
285
224
284
39
20
996
153
342
8
418
908
44
262
80
965
584
324
211
225
342
134
128
603
660
127
608
106
18
3
765
242
73
740
12
10
371
357
28
985
940
350
107
444
632
556
275
47
639
57
162
461
580
315
163
259
130
32
295
165
882
681
505
427
963
835
452
442
73
168
547
344
190
499
373
234
995
393
8
381
20
169
288
182
816
227
270
185
223
569
112
12
514
587
532
935
204
49
204
58
372
429
20
83
388
90
813
860
288
292
303
518
782
347
761
330
678
997
206
155
80
879
357
919
561
721
669
531
829
214
85
703
586
24
105
770
185
96
689
326
176
598
689
461
569
19
216
855
886
867
229
295
837
303
303
838
206
418
265
398
340
411
373
140
77
970
848
13
144
157
692
255
157
341
238
135
530
829
529
19
149
159
188
633
562
274
245
188
821
279
248
140
723
164
64
204
724
214
505
89
426
870
835
965
201
957
122
32
672
449
139
484
698
10
614
254
175
676
254
889
927
658
99
97
414
24
84
866
917
788
452
212
200
490
229
734
281
850
5
32
907
54
770
291
816
423
890
279
406
15
214
284
587
361
280
700
137
239
545
722
551
983
154
553
329
342
55
137
315
342
214
316
407
797
918
934
90
351
59
684
241
341
97
217
555
449
579
200
514
163
25
420
2
51
22
73
237
313
134
163
770
111
468
227
996
409
6
319
354
690
276
761
515
45
926
32
153
567
68
56
954
3
737
320
554
153
463
381
230
967
589
324
277
132
982
581
847
336
543
60
589
265
188
520
35
154
168
64
104
307
129
152
193
826
320
69
70
830
682
870
190
3
622
156
139
117
361
272
694
100
662
73
205
43
168
575
382
90
896
816
514
3
761
76
580
970
290
205
431
156
73
6
75
30
417
545
514
119
835
247
449
543
133
845
338
79
114
178
398
504
54
536
153
55
959
514
18
245
212
935
123
197
945
27
253
592
187
850
599
909
376
204
396
285
564
644
595
792
965
199
259
498
536
221
611
664
611
724
76
611
117
186
114
147
191
136
505
471
73
191
190
36
514
56
40
914
501
185
44
804
595
770
491
141
249
49
24
691
795
548
287
408
105
907
996
488
153
754
514
37
454
525
227
286
684
94
321
417
342
950
338
100
127
198
40
770
332
153
178
836
416
227
435
282
835
87
408
694
535
770
992
700
336
838
514
280
396
685
921
384
860
932
540
204
993
543
320
331
353
667
660
644
875
801
204
901
277
800
484
3
20
996
403
111
556
394
132
830
446
244
93
699
255
521
222
139
516
930
999
157
31
751
545
770
346
955
169
907
792
386
375
223
150
157
820
812
102
306
24
648
187
489
431
66
295
303
177
806
217
290
207
50
303
924
117
303
293
338
100
835
597
56
9
380
925
57
366
935
748
189
593
311
55
672
144
153
270
441
595
24
153
806
73
81
637
73
595
274
727
341
636
75
148
170
189
629
137
212
886
178
270
188
242
220
212
37
361
56
50
235
831
450
620
407
514
743
482
996
531
296
653
204
264
303
728
86
537
174
314
886
655
418
669
43
216
906
430
4
90
1
319
936
476
616
372
803
543
600
895
768
12
351
110
944
91
598
165
853
413
93
425
134
582
142
286
15
203
998
59
41
947
93
305
553
761
623
438
230
310
104
27
959
672
296
812
649
88
80
543
737
134
761
11
93
45
292
200
310
26
204
305
154
756
545
387
514
341
885
206
47
543
238
106
19
212
381
361
12
879
201
698
204
93
53
13
792
920
789
19
741
482
851
689
401
543
176
333
209
249
444
67
68
540
765
188
895
274
514
540
964
254
408
843
812
856
388
77
192
188
375
295
55
68
18
323
366
158
755
431
27
84
204
559
940
319
44
586
31
171
115
483
560
850
55
70
485
8
838
640
341
375
80
971
210
90
345
221
873
408
13
368
835
261
408
123
446
469
233
109
54
120
463
619
176
10
109
199
576
994
35
582
380
59
725
175
841
14
543
74
582
814
434
683
645
212
62
556
422
144
577
392
49
317
352
830
613
3
49
295
10
583
602
227
432
459
141
249
750
6
159
93
623
483
177
173
864
320
189
325
77
950
237
70
548
794
32
221
850
519
626
329
652
396
785
825
198
418
65
90
154
283
429
747
28
254
338
940
49
582
360
482
167
461
87
377
644
270
761
479
339
154
248
9
148
334
449
364
611
411
137
6
886
275
134
587
915
856
465
377
148
254
37
640
249
154
202
274
933
519
672
267
35
455
50
320
962
187
293
49
134
452
134
30
417
980
123
569
824
27
32
622
444
153
319
214
569
830
338
530
428
770
449
334
184
531
409
543
580
336
114
197
364
553
112
165
986
49
243
879
162
890
514
252
830
742
212
743
770
430
418
770
486
372
398
481
195
72
143
423
396
45
59
651
361
646
570
153
592
770
204
481
444
508
90
372
303
59
75
620
375
14
227
349
258
381
941
21
344
50
120
237
179
175
296
602
556
16
838
591
106
432
396
414
543
536
452
200
165
364
399
656
275
146
897
121
27
33
537
700
373
253
973
668
310
414
261
143
812
150
303
810
426
43
21
198
893
244
630
414
188
309
35
101
226
995
127
70
402
575
1
270
107
482
311
720
90
177
223
90
302
652
206
494
494
54
227
275
467
814
141
282
348
184
944
256
937
575
255
132
830
113
970
342
738
182
887
745
34
926
73
63
916
110
815
292
123
697
595
436
123
886
595
219
663
228
234
886
120
886
364
235
163
784
320
449
329
64
379
163
90
400
418
148
249
856
708
161
898
280
948
571
71
810
244
396
602
335
315
68
225
582
271
285
537
190
336
595
506
248
845
553
306
521
173
517
953
540
450
239
564
98
183
766
303
90
142
288
770
73
382
482
256
48
204
555
285
269
298
275
849
78
243
674
206
405
514
261
77
259
364
176
70
777
522
504
630
143
52
364
747
141
758
522
879
530
201
168
389
383
100
163
3
126
752
423
263
796
300
6
744
953
677
645
446
825
222
652
49
915
537
428
75
292
73
602
523
879
127
907
753
562
457
772
425
589
118
297
856
270
545
266
343
760
640
303
14
555
190
852
761
286
510
336
2
179
689
744
231
556
415
117
928
714
729
976
418
270
408
59
275
311
991
843
32
874
404
462
30
504
940
546
950
342
763
972
139
187
406
155
333
578
173
629
622
193
607
352
71
230
285
381
482
65
152
799
285
259
279
574
119
446
152
333
111
139
298
402
782
20
214
71
126
408
285
228
247
672
227
244
543
304
804
13
558
204
565
737
792
608
418
158
910
863
689
747
744
206
544
774
881
859
227
367
163
367
365
155
962
795
411
382
580
712
906
347
148
996
536
468
70
91
176
640
543
24
399
778
157
627
6
103
13
306
190
444
912
54
506
217
270
305
1
825
514
107
509
1
661
600
177
840
29
466
506
965
68
37
635
60
387
197
876
450
49
6
411
252
36
13
52
587
434
45
111
779
631
595
120
984
86
771
538
694
71
271
117
421
403
418
501
100
188
324
267
891
429
456
740
854
877
877
554
310
301
805
670
408
80
408
74
27
1
448
725
828
905
315
51
143
507
508
11
234
322
178
736
205
834
706
320
718
37
53
402
3
127
311
550
236
209
188
25
334
808
385
143
64
219
275
144
915
223
163
90
6
69
720
608
28
180
956
254
907
350
206
922
588