2236 1103 2804 523 1207 1207 2235 2235 2235 2235 1884 1884 1963 950 2539 1367 1367 1796 2428 2428 922 922 504 504 1141 1141 1141 1141 2574 1800 395 1635 1635
2947 1930 2938 2235 1884 2369 2673 779 2639 440 440 440 1188 1188 1898 104 2150 94 94 435 1389 1421 2582 2181 2907 2824 1747 641 664 2219 138 1011
596 143 2235 1884 2058 2147 1011 1011 611 1371 1981 888 2264 2486 843 55 153 1932 1602 757 757 573 1112
457 1103 2804 1884 440 440 1011 2758 2758 1298 2323 2651 2149 2941 1337 2200 1439 1439 2132 2132 2360 768 1787 941 941 941 2477 360 2253 76 76 1070 1070 809 1034 323 610 2402 2773 2308 2949 1423
457 2470 2470 2470 2470 2804 1275 677 44 2383 1884 1159 1747 1011 753 1995 946 1890 2626 2446 2038 2038 547 2318 997 1167 1331 1331 324 1705 179 1707 1015 580 2160 999 1541 579
457 1031 1031 1213 1213 1103 1103 478 773 1263 1884 1879 1747 1011 1350 479 2292 77 77 189 592 2218 723 1548 1746 261 1974 1306 2905 2905 1236 1236 761 2035 2347 2756 222 735 1244 1751 1751 1643 1613 2799 51 1855 2208 2537
457 1031 2504 2504 2504 164 85 1884 1011 1011 2758 2758 1298 2323 2651 1104 1104 1104 1396 166 2187 2326 930 1018 1224 1161 696 734 734 787 816 132 1417 2484 414 295 1953 1120 1120 2596 42
1158 70 2665 2177 111 111 1884 1011 2477 313 2805 1202 2372 310 797 1768 2435 1253 1253 887
1759 596 596 2340 2603 2294 70 2665 2177 111 111 1884 2483 2150 1011 93 1504 2737 2180 1572 388 1897 2378 791 1126 817 281 2558 91 13 820 636 636 1150 1150 713 684 1102 653 1500 2497 336
2454 1031 1905 2443 2443 677 2235 472 1011 1011 1396 753 882 1371 1981 888 2264 1812 693 693 1751 1751 2630 2562 2562 1610 33 2716 140 538 1077 2425 122 338 2541 1957 2530 1633 432 1813 1960 2233 945 442 442
1933 1103 2743 387 1879 1044 141 20 93 2083 1999 1196 374 819 2887 172 1914 2820 394 1016 2604 331 331 331 599 1875 1678 445 1983 2844 1083 2593 2593 1057 71
379 1759 1334 1031 1046 2647 2647 219 508 2894 1958 2826 2826 2483 1398 104 2181 59 1602 1337 1934 2039 235 2227 551 506 2112 1460 2067 1403 1514 259 858 208 208 1744 2670 2521 2521 647 647 1913 1913 2193 2770 1069 1069 546
910 1103 2414 630 1682 1879 2369 104 791 340 2397 1960 1924 1368 1278 746 2774 1514 423 1741 2296 476 1794 1229 1149 272
2950 1759 2454 1031 1430 219 2617 1879 2369 2225 574 1699 1724 1433 27 1426 1196 2211 418 1990 2767 892 2751 2787 2357 924 924 1629 1629 1229 23 2287 335 335 123 123 1881 2302
1334 466 466 2761 8 565 127 508 1609 2898 2383 878 2235 141 93 1270 1786 856 2630 2484 1335 2828 268 1425 1014 290 2201 2751 2751 90 90 1144 50 869 1030 828 1752 682 970 408 2919 2919 2839 2925 2925 88
2172 1116 41 1013 1852 13 1308 634 634 1730 1648 1648 2718 124
1759 2329 1782 804 2235 2483 2369 2673 1602 1934 1224 1209 1924 1543 1193 1594 2636 84 509 914 914 2895 1626 2922 2857 2857 2672 2040 2702 2568 400 2371 328 328 1721
1519 142 2367 1654 118 2826 1650 1682 2848 472 93 794 794 2397 2790 1077 932 1923 397 551 2666 2636 2636 1807 535 112 1068 1289 1081 237 331 2702 2702 808 1859 1926 1899 480 358 2358 1683
1759 311 565 508 251 1682 1682 2483 1771 1765 93 574 427 1433 1924 702 1139 870 326 326 2625 256 2560 1921 306 563 56 2008 2464 2449 1324 1552 2216
2950 2329 940 311 2894 2826 2235 2147 2147 1708 1708 1044 611 1270 244 451 2397 49 1924 2887 2739 223 2405 1014 551 892 2921 1514 2857 1 2546 1660 2702 2356 2803 1157 2413 1827 2509
1334 1158 1031 2804 2440 1207 1884 655 2669 2669 235 908 1465 1014 1285 551 1460 356 2263 2357 1179 1862 1862 989 1715 2670 1868 1733 911 911 1871 827 827 2104 2104 1517
379 1759 1559 2404 1884 472 554 55 1602 688 1728 2541 1424 1461 858 2909 1406 124 808 808 1975 1502 1896 2510 2510 131 1397 1397 1793 559 559
379 1759 1559 1559 2404 1207 2235 2235 1884 1884 472 554 554 55 1602 688 1728 1209 2541 1424 2529 1461 439 2866 858 252 252 913 913 2909 1406 124 808 808 1975 1502 1896 2510 2510 2510 2510 131 1397 1397 1793 559 559 1853
1334 1334 1334 44 2673 2673 324 555 2834 2397 1327 907 2669 609 475 2527 2527 2527 1435 1859 2549 2179 2179 2426 2426 2426
596 1213 2154 431 1044 1426 2542 473 1009 1716 2476 1514 2346 512 2230 924 2338 743 1507 1507 7
1334 1334 1334 2760 2760 1046 2329 2504 1386 2446 1992 2650 2669 483 1454 2211 2652 2652 1901 2899 359 65 5 1582 2556 1859 1859 1859 399 399 399 399 1212 2719 1655 1655 2427 2943 1795 1795 1019 2675 598
2760 2047 2329 1970 311 158 959 2262 1735 523 1207 2235 2235 1884 554 1812 1293 320 1388 2320 254 2377 418 359 620 484 1176 1176 896 1977 1216 1216 1806 2510 2854 2447 2117 2580
379 1158 1158 1046 2804 1207 2235 2235 2235 1884 1349 1349 2139 1000 495 1479 988 1014 212 551 2728 1744 1744 885 885 1859 2720 389 389 1979 101 412 1510 1980 894 894
1906 1046 2329 2329 2329 2329 804 2483 104 1396 946 946 1337 2187 1953 1953 1953 1924 1014 1594 551 2636 286 267 2586 2586 2857 2857 2857 126 1857 1859 1859 952 952 952 952 952 2466 1006 2641 2641
1158 625 387 2894 2303 1782 955 104 1708 1602 892 2636 1509 2357 1185 2321 2870 1758 1859 838 838 2330 1944 412 1330 163 2526
1046 651 651 217 1013 2235 2673 141 1602 2620 57 147 147 147 551 1691 2636 2870 2880 2880 643 101 2261 912 1489
1158 1158 1026 2804 1782 1782 40 804 2824 59 93 93 1812 856 1743 1310 1521 2166 2088 2088 551 535 1618 2913 1766 2250 2618 2811 2309 751 396
1759 1158 2504 127 1119 2235 103 2164 2225 2408 93 551 2121 2915 2915 2915 1537 2682 969 1697 1697 1968 124 2853 180 1393 714 714 134 2634 2062 2062 2886 2029
1158 457 54 417 93 2424 794 1594 1171 2870 1744 2210 2306 2645 2019
1905 2462 2235 1765 2486 956 699 1251 2646 859 2122 2134 581 1490
53 2648 2303 1740 169 253 93 1442 870 2357 2036 2870 1931 2855 200
1759 2933 2933 2099 1609 1740 1682 104 159 93 93 768 1787 942 1705 1137 2650 1455 2887 2211 137 1420 551 1840 190 190 1626 2870 2870 2870 948 600 951
2454 2454 2804 319 2810 2397 2650 2298 1924 2887 551 1840 190 1626
53 2367 2367 1213 425 219 651 2462 2103 2369 20 1270 420 2542 1078 82 674 1067 1067 781 2071 551 2438 63 1514 530 701 1632 2013 1064 2595 2089 2450 2450 422
2403 2297 387 2945 1814 1013 1013 955 1682 555 1728 2397 1483 1924 245 1420 551 2226 2870 149 269 2880 331 2702 1856 155 2699 2699 853 2131 937 606 606 184 184 279
1759 142 142 142 2329 425 159 2318 2318 787 2541 1424 75 2740 165 509 1079 1936 2841 1123 929 2893
2236 1046 1147 1111 38 1650 1747 941 1423 324 555 1651 2547 2864 934 634 728 2523 2064 994 551 167 1717 859 351 1744 861 652 239
1759 2177 1765 2673 159 787 2669 235 2517 2887 137 551 381 586 1485 1485 2357 87 859 2674 124 124 124 124 124 1198 683 2611 604 1555 2634 2634
53 1046 127 2804 1207 2164 1095 1460 2934 2141 1845 1054 2612
1158 1046 2804 2318 2558 2558 847 2541 2327 2290 2290 168 2227 609 2167 1467 2223 2223 2860 2036 2857 237 1400 89 2779 2779 389 929 1397 1709 1709 1818 1818
596 1031 2761 2804 1275 44 2181 141 2318 1705 1734 1728 2591 1426 2211 458 150 506 381 381 2876 1410 58 58 58 58 1802 450 714 714 265 1630 2634 2634 2768 2062 2062
1031 1031 1031 2329 2709 2440 2235 2235 1602 2318 2852 791 2856 1327 1610 1310 2828 665 772 1583 1462 292 292 533 2284 2284 2636 135 1144 2247 2637 3 1419 694 600 2501 2732 2589 347 771 348 348
457 2454 814 1046 97 1771 507 1708 2318 1746 483 2636 1166 1512 607 1831 1554 1240 130 2622 1836 1702 1702
457 1872 472 1535 787 710 1465 375 290 2545 1146 1105 1436 450 2306 2339
1933 54 1217 551 2586 2399 247 1587 591 392 2696
53 965 1906 830 830 2340 593 434 2804 2440 2235 1159 141 1786 1137 2630 2630 923 1417 2650 2650 2298 1999 1388 1524 648 1679 2173 2173 492 2198 441 526 2615 2615 1407 2629 419 419 116 116 2732 614 1041 626 2487
457 53 814 814 2329 1694 2235 325 1100 2547 1960 1465 461 2453 2910 2910 2910 468 551 24 2881 846 846 846 846 846 133 1579 2331 1039 1039 743 585 2179 2179 1889 2232 185 1779 1211 1211 1211 176
1046 1650 1770 2887 1308 551 535 1098 1869
1759 1759 192 1026 1235 1611 1650 1879 2483 2369 2614 1999 2227 551 1940 2067 10 1744 765 891 413 2508
1654 1650 2235 1703 235 1458 2072 1749 2455 780 998 112 306 1859 2358 2509 2703 2855 898 398 1480 1593 1384 1384 871
596 1519 2906 1654 2607 2462 2241 2235 93 1703 404 1924 168 1487 1458 2072 583 2455 998 708 708 708 2555 112 1714 986 1586 1863 1863 2027 2509 666 898 2374 871 871 465 333
662 2617 1356 1356 189 1100 794 2275 2662 1924 1775 2162 2910 2496 1366 1514 1514 1514 2182 2182 2901 329 2197 2400 1063 2516 460 460 306 36 1791 1114 730 2316 2258 1592 1440 2543
2950 241 457 1046 508 93 231 2661 1077 2887 756 932 168 1014 731 551 2646 2636 2244 741 2198 1816 516 408 2053 2724 2724 2724 2724 413 1505 2092 2092 2752 1219 935
1759 457 2329 2504 127 2804 955 1356 1349 800 93 1602 1651 1345 794 794 2396 2541 1924 1014 1849 1495 2910 551 892 1691 1178 84 2207 2198 2198 2198 2198 2690 1143 2001 316 2870 2870 224 306 749 1868 2144 1696 1830 1919 1373 1373
1153 1906 1906 1906 2329 2329 919 219 434 1927 141 325 1439 1439 2360 1331 1331 1331 1331 1331 2547 244 1780 1960 1960 2572 2572 2664 818 1294 1803 2821 2674 1363 2712 2442 1045 2065 649 1754
2055 2303 2128 955 1682 804 2235 1852 2547 2397 2397 1783 1924 1835 1246 2908 368 2358 181 706 1296 1296 255 1087 2518
1933 1930 1031 703 365 217 2819 1011 1011 1878 274 2897 2636 2167 1032 2520 221 586 2545 1697 549 2853 429 2816 1550 1124 860 1959 1429
365 219 1482 417 2772 1650 472 611 1244 1388 670 535 1101 421 377 692 1697 2561 1469 1233 1887 1045 1971 2410 1301 1220 2500 1441 2903 867 972 1243 2512 748 2481 1731
1654 227 227 2804 2819 2819 2235 843 787 2592 2592 2861 1388 1388 1976 998 1558 2310 2704 2358 232 1498 19 19 2159 1473 357
1326 1782 1708 59 847 2211 1673 1255 776 2691 1807 1537 1452 1697 1311 1352 1896 2911 2084 2914 744 1384 629 156
457 457 2236 53 53 53 2478 142 2359 2414 2440 2894 1207 2235 1884 507 1293 1293 1293 2630 2541 150 1278 1487 1666 505 2551 1466 316 1399 1675 1675 1675 124 491 2853 1212 1061 2939 452 1357 2714 2415 2550
821 457 2489 1506 219 2414 2885 1546 93 1787 1787 1651 1651 2397 517 840 991 1497 235 2541 2523 1420 2476 292 2068 2068 620 1101 1108 1108 1435 1361 1381 2561 2561 2766 1197 255 1391 1391 275 275 810 1726 1726
417 297 611 209 670 501 535 1346 1697 948 124 124 835 1093 318 1359 2893 1885
418 2467 1781 2908 1624 2766 1533 704
1829 2235 114 141 847 1684 1799 759 2293 1537 535 1561 2269 129 11 996 436 69 1344 1344
1829 417 2404 2235 114 2673 141 873 1643 663 2541 1315 670 1495 2798 397 2636 2 1179 1321 627 2370 2217 895 1434 621 1181 1443
1001 1001 596 53 814 2760 311 593 1235 540 955 2241 2235 141 93 2149 873 1689 710 1610 788 1755 320 1815 122 1924 551 1691 100 1638 1435 558 1563 289 2557 1355 2142 2282 837 553 1917
53 417 663 670 2419 2636 260 1321 1697 2217 1700 1351 1451 39 2270 302
1116 2329 2830 1708 1553 1455 1924 711 609 551 2636 260 1250 1956 724 2692 700 1700 436 1038
1759 1759 1031 1911 53 2760 1046 2240 219 2804 2103 507 873 1018 231 921 1929 2393 1481 1976 2074 981 210 83 1692 486 2130 1803 2525 1956 2433 2433 2256 1859 1859 1859 2051 2051 1918 1774 1351 2663 2663 2600 2300 2882 1050 1302
1759 466 2266 457 171 2647 127 2369 371 2486 873 2326 420 307 451 1703 608 1455 991 819 245 1424 963 1540 1580 926 1729 1287 1625 2925 426 673 2277 1174 529 2642 1545 2482 1005 2937
457 1031 118 1111 1214 873 1934 551 1095 2231 2904 1305 260 1996 2806 2872 661 700 2627 2627 2627 1249
253 1327 1161 699 1644 242 2211 772 1851 2506 2633 1798 1080 2357 296 1797 777 52 582 46 354 1986 2090 1821 2042 21 1706 2918 2809
1873 2395 1519 1911 2329 169 253 1878 325 225 1327 1161 699 1426 242 2211 772 1851 43 2506 721 210 296 842 777 686 1292 886 1008 354 1986 37 2678 2254 2174 1663 2809 1222 2439 584 1257 1756 1756
1759 880 1111 1329 1879 2483 2483 1217 2360 1270 1999 257 2077 1540 1385 858 426 433 1232
1273 1759 457 457 1911 1052 880 2414 2804 44 1207 1884 1100 2591 1743 2007 1018 1999 1479 2632 2320 215 215 2334 1413 1189 2434 918 177 2775 2429 990 1709 1709 2577 778 2540 2540 1177 881 645 2654 2138 1271
1759 625 2046 1207 2235 2235 1884 2533 93 1270 231 1924 1424 1524 1524 2169 2169 2223 2922 2922 252 252 237 913 913 1387 1488 354 1456 2868 1842 2183 1283 2871 2871 638 2398 1942 1145
1046 1103 651 2804 417 2103 1207 2235 2235 1884 2673 2673 1337 941 1137 1137 1126 1953 840 908 2523 1604 1278 1169 892 763 763 836 497 1819 1043 394 1797 2528 2281 1135 2299 403 2853 1985 2769 2785 1045 1542 2152 2444 2113 1199 2590
2760 625 625 1103 593 736 1682 1207 2235 2235 1884 93 93 1787 1270 1270 2831 735 2547 2698 374 2541 1924 1924 539 1524 1524 1990 2169 2169 2595 2922 2922 252 252 913 913 240 1532 1488 1456 971 2518 1942 1145 1151
457 457 1905 2440 1207 1044 1396 2326 2630 245 1989 292 2231 2033 1580 1561 1561 351 2350 2350 376 1008 2579 1477 881 2248 619 2417 2188 1256 962
1759 457 169 2046 1207 1884 231 820 404 404 483 2320 1010 1010 2238 769 2284 2588 2204 229 211 211 1922 248 978 822 17 1342 1966 1776 1037 354 1339 2795 2795 1186 205 2584 2584 195 195 801 1194 1194 1453 1920 453 415
53 814 1153 145 1924 483 2636 2776 1294 286 535 535 2551 1864 2731 2116
2172 1334 2057 2624 2624 625 802 2804 40 1574 2826 804 1708 1652 2298 2652 659 659 1106 212 763 656 1007 978 926 1659 2671 1534 1534 1664 2045
54 1911 955 804 2235 1141 1141 1747 1705 1924 758 2290 1594 1246 2783 30 1179 978 2878 1438 1753 354 2213 96 2471 207 2845
1737 1759 1033 2262 1574 2177 2177 1207 2235 1884 1044 2486 2852 1743 162 2669 2669 2764 49 2000 857 2320 1424 1465 1073 998 844 2912 188 1089 1867 1649 1649 1649 2056 640 640
910 2760 1046 2440 2440 1207 2235 2235 2235 1884 2848 2348 324 443 1743 1974 1974 2630 2630 2630 1182 404 235 2320 1241 2667 2667 2625 2173 492 2754 2615 2615 2615 2656 698 1557 714 714 1471 309 309 2890 1422 1894 1894
169 93 555 782 2652 780 671 389 343 2616 1988 22 1622 1612
1153 2621 597 1046 1046 1880 2804 2898 2483 93 93 153 1746 1746 2083 1763 813 1764 2405 2286 1807 1343 2502 2108 866 1068 926 1528 1528 2380 858 199 337 446 1154 995 226 0 2926 270
1911 1044 1790 1343 2321 2321 1437 2237 1727 1865 1865 2361 2361
2236 1035 2744 2259 2470 2705 1650 1879 141 20 76 451 710 1999 864 2080 397 551 1998 2167 2167 1762 2073 2145 1411 852 1127 2587 1892 2707 449 650 1978 521 2653 2684 1096
2236 2744 802 2414 1207 2235 2235 1884 1852 1090 93 93 2493 2711 1642 2547 2336 2298 2320 1777 2334 2902 790 1215 1002 234 2362 1472 617 2878 925 1943 2070 403 1105 502 2676 762 762 1109 1201 322 679 1784 1062 958 1993 2234 2733
1046 1046 2414 2414 1884 1884 2511 145 2828 2660 397 832 2389 2458 1136 1136 594 760 760 807 2499 2499 405 1415 2954
2761 2927 2404 2462 1708 1705 1724 1126 1553 2698 2815 832 2204 2610 1179 2205 2375 1668 851 2281 1377 2700 1279 678 618 2441 2954 725
2172 457 1954 120 1455 1056 1056 2503 957 2929 2817 377 386 2879 545 2420 807 1203 1203 1203 992 992 487 1685 1685 99
2172 1031 2621 1414 388 291 1551 2037 2930 2931 2158 409 287 2209 382 1637 1055 144 1882 990 1258 1156 1401 402 1281 1619 865 2748 513 729 1468 1608 2279 2552
625 1141 2630 1924 1929 1486 2785
1158 1911 1911 1911 1026 677 662 595 856 1719 1719 2570 1335 1634 1634 2077 1010 742 1556 469 1048 783 834 834 1354 2922 717 2436 581 732 2421 2681 564 2722 1828 953 178 178 178 183 2021 541
625 2235 1884 1141 1141 2630 1924 1929 1486 1393 2785
1334 1884 1883 1610 493 1520 718 780 780 1282 2875 2875 2004 2860 1338 1431 1218 1223 1206 577 577 2126 250 1130 1895 1328 1544 1544
1945 1158 1158 910 2055 1103 593 2804 2894 1814 1708 1044 2149 941 1734 726 1137 735 1433 1843 2650 2650 1718 2541 845 1621 721 815 1513 486 780 154 2578 834 834 407 2668 594 2322 373 2416 1154 2156 2459 2268 2688 2688 1261 1380
2236 2236 2236 2236 2236 2470 2235 1141 561 338 16 671 1418 1296 1296 2597 62 317 1698 1205 2791
625 1884 1141 1141 2630 1924 1929 1486 1484 1393 2785 2791
1759 814 625 2164 1270 1812 1259 1672 787 1953 137 659 792 551 832 770 690 112 462 32 1802 1094 1336 2020 931 2708
457 54 1982 2059 2114 2064 1964 2161 1637 2862 477 2306 1925 350 1866 1084 31 315 570 2566 1475 2865
2236 1031 53 879 2804 662 40 93 2630 923 235 963 2166 982 892 892 2376 1860 2135 537 1179 1179 1686 1466 470 712 1025 301 1340 1886 344 685 1223 689 1175 2002 1627
596 596 1158 1158 1031 44 2894 1191 2149 1646 1699 2831 1743 1126 566 1809 839 137 539 381 544 1317 2900 883 2935 766 1956 1280 2267 928 613 2536 2048 1876 258
967 2266 457 457 2403 1877 1740 2235 2058 950 1708 1602 1812 2756 2397 514 458 2290 1524 1524 1285 1285 2176 212 551 292 1460 1804 722 1661 2544 978 1744 1744 385 2120 765 1492 456 2246 2519 1405 2638
1879 59 1428 82 711 2102 2337 1183 1375 1404 1091 490 1133 2023 362 2137 2220 1732 186
1501 1759 457 457 2115 2647 1191 1761 2154 1207 1884 363 363 1708 266 2486 2149 1888 735 735 2570 307 710 1196 2541 1767 2078 1606 223 769 107 2457 2774 1514 530 1626 1134 1053 1053 1370 1502 747 747 1493
2119 2119 2478 2760 1046 915 2804 959 1040 1040 2177 946 946 574 2669 1924 1604 34 1128 2140 551 2636 2207 1514 79 624 2870 2808 1325 621 2032
261 857 2778 230 1402 680 1162
876 1991 1991 457 457 1031 1031 169 2819 1349 554 145 2006 1610 2669 2541 1924 1924 245 1594 262 2432 1460 2680 914 190 976 1844 979 1744 765 1758 2763 796 48 1671 464 2276 2780 2780 35 2488 863 1912 277 277 277 1952
1031 1103 219 434 1191 2483 1349 1349 104 93 1705 944 1345 2547 794 1449 401 1426 1764 1577 137 137 175 2801 2206 628 1941 1267 1900 1801 866 2595 2091 754 754 2034 1788 1416 2606 2448 1395 1395 1395 105 1072 1072 1072
2772 1207 2235 2235 1884 1703 787 710 2801 1566 455 2121 2121 718 2929 2224 1099 1393 900 515 2490 2097 1173 2344
1046 93 2852 2334 168 1286 2721 467 1319 341 1792 2390 2475
1933 1930 1031 703 365 217 2819 1011 1011 1878 274 2897 2636 2167 1032 2520 221 586 2545 1697 549 2853 429 2816 1550 1124 860 1959 1429
1046 508 955 2235 2181 141 2180 1474 57 1307 1014 551 1616 719 1838 1638 858 1361 889 889 1352 1352 1352 2485 2485 2485 2559 2559
1334 1046 2804 1609 2673 595 1673 2876 1185 1068 1665 1744 2085 2468 2179 2426 1210 572 572
1829 1759 1654 919 651 2804 2262 2440 2440 1650 1682 2235 141 93 93 1270 787 2694 150 1594 1067 2636 2455 535 1146 2118 243 678 1607 151 151 151 151 2215 1024 1526 1949 1949 1949 806 798
2266 2454 365 2894 169 1097 2171 2369 2164 946 281 2558 231 2345 150 916 2295 2878 2081 2243 2851 214 306 947 1617 2689
2950 457 1031 1046 2743 2804 1071 2128 2483 2369 2125 93 1812 209 244 710 665 330 1476 1014 551 2838 2155 2901 708 708 2595 1023 2461 1016 1016 2101 1272 1773 18 805 2196 1769 975
1158 2236 508 1884 2591 1027 231 1820 2655 1321 1585 2922 1778 410 1446 1791 1436 1576 1647 1681 1681
1785 1546 2639 145 93 93 401 907 2541 634 2311 1378 168 288 2503 2503 551 2515 1321 1419 1419 1714 408 26 1314 1314 2194 1012 675 249 1122
1031 1046 1017 2103 1207 2235 1884 949 1787 2565 1839 1616 767 1891 1714 1354 1667 2770 2891 2891 2054 369 1276 1276 1358 2840
1759 1252 2894 849 507 2542 709 2445
1759 1046 1653 311 880 471 478 2804 2303 540 2404 1765 2343 1423 787 320 1589 1231 1231 1113 1583 1596 481 1003 767 1075 4 4 1277 590 590 632 632 1569 409 264 1268 1760 623 115 2110 2725 2725 2725 874 1723 2313
471 1103 1103 2493 2149 2852 985 735 2571 510 2363 2165 1228 1374 2095 2863 532 108
457 457 1810 2894 1021 1207 2235 1884 2181 1044 145 59 1684 2598 390 390 870 870 2389 447 667 1049 978 1677 1590 676 2106 1655 1655 2228 503 633 201 106 605 1160 1511 2498 2324 2924 2924 635 2191 1938
593 1021 1207 2235 1884 2369 1672 1684 2377 2319 1950 1266 447 327 1049 1677 237 237 2304 1590 676 2594 1597 1662 1662 633 201 605 938 938 1571 1160 1511 102 1341 1341 285
2172 2172 2353 1111 2024 1021 1650 1207 2235 1884 2483 472 753 2469 2469 2657 2657 1684 2917 772 447 1049 1677 601 601 1590 676 429 429 119 1670 2178 117 633 201 605 893 893 795 795 795 1160 1511 2553 1234 1234 448
1021 1207 2235 2235 2235 1884 1090 2837 1684 1997 1997 1775 1604 439 447 1049 1677 1590 676 2257 1065 1125 633 201 2796 605 1160 1511
1759 457 457 2046 1021 1207 2235 1884 950 950 141 1337 1684 2431 33 2391 447 2098 100 372 2873 1049 2212 394 1677 1601 2829 1590 676 599 1484 2412 1383 2923 2923 993 993 633 2430 2430 201 605 1160 1511 68 1834
2266 457 457 2414 1021 2103 2103 1207 2235 1884 1879 1044 141 2834 1426 1684 152 1424 1839 1014 1691 1762 1444 2204 447 352 1049 110 1677 2061 2061 233 233 1590 676 745 633 1657 201 616 605 1640 1640 2382 1160 1511 9
219 434 1191 1191 1207 2235 2235 2235 1884 2483 2260 1244 819 2211 330 2749 2749 1408 24 273 527 463 750 2888 2888 437 437 437 707 707 707 707 707 2239 2239 2387
1911 127 1329 1740 2103 1699 2852 1739 1132 2386 1861 551 2017 862 2792 2025 2883 2697 157 157 314 2836
1158 2245 1972 1653 2154 2483 20 257 1010 2166 1524 1465 1594 447 998 1376 1376 1376 312 858 717 829 2143 2143 303 444
1031 2804 472 1812 574 2397 2298 991 2394 1924 1848 1847 551 2067 2774 1600 2734 2762
1031 2933 968 814 1192 2241 2241 2235 2369 2673 93 1270 1270 1102 2662 1924 1604 1540 2636 1616 2776 1002 2640 194 1168 740 1947 1832 238 2735 2735 1265
1688 1609 1650 2235 2848 2483 1367 93 93 1270 2834 710 1196 1924 2730 1777 1973 1745 1745 1745 2774 530 100 2223 1148 2289 2892 1567 1822 1180 1867 345 786 294 1163
1933 910 1020 1046 2804 2945 417 955 2235 2235 2483 2125 2125 93 2308 1449 2484 2364 2517 2887 168 1014 1531 1241 2825 551 506 2438 1616 1343 381 1313 2189 2189 26 2331 2331 2847 707 2082 380 1379 1204 2280
1759 1031 2235 2428 1705 132 198 2167 2472 2373 1757 1704 860 2644 459
466 2583 489 53 2367 2278 2262 2235 2147 2483 1423 2683 674 1247 74 892 30 672 632 1321 2086 2595 627 2746 2746 1985 2916 2014 1939 1939 2822 720 2605 920 727 1238
1158 910 2761 1884 1214 93 93 1337 1916 2896 2542 2942 2793 2619 1833 2223 738 237 2221 601 601 695 2028 1961 1291 2012 1221 1221 1221 1221 298 2452 2332 567 1562 562
457 2236 2388 2388 1641 2938 299 1329 44 1207 2235 1884 103 2083 991 2652 1496 107 418 543 2532 355 622 899 160 2018 109 1444 2073 305 2223 1082 237 1187 2593 793 740 1846 2407 2163 416 936 1164 983 983 2153 2463 2041
821 1519 2329 1905 2830 193 2154 472 1995 1981 1331 2083 1719 340 1523 934 1495 2503 551 551 1666 2680 2204 1549 998 738 2406 2272 2932 2932 2932 2932 1491 1362 2717 364 1658 1658 182 182 2531 1573 511 511 964 2953
1245 2368 1086 14 2351 1133 2729 1826 2581 204 321 1092 2093 2093 1955 1713 2076 2535
1759 2011 485 98 536 739 1538 2738
2648 478 540 1682 472 93 261 1100 2834 1639 2687 2896 367 901 1924 1924 424 1710 875 300 2249 1621 1691 1749 2636 475 1584 1022 2821 213 1518 1463 2569 2325 765 1722 1909 2867 1522 2513 1369 2951
1031 1031 278 278 2315 752 836 66
967 2342 2933 593 802 1288 2846 2043 1879 1090 831 715 458 78 1067 1984 2195 1525 1251 2757 1598 1903 1870 904 1628 2212 2385 534 669 1142 1994 191 1184 1565 1565 2044 1318 1457 500
967 967 2898 2898 2046 361 507 1963 231 1182 2596 2698 202 202 202 1687 697 2022 2473
596 1031 910 1347 1811 2894 2235 2235 2235 1337 1812 1724 2834 340 420 1117 1790 2896 1209 1209 901 202 848 848 1823 2071 1332 1798 708 755 2328 92 173 654 2136 2807 2465 2745 2283 228 228 228 113 113 531 2686 905 905 905
625 1046 169 1924 2598 220 280
2647 278 93 1790 2314 1226 6 2214
2266 1911 910 2124 2647 478 677 2262 2262 1951 2024 2462 1747 141 946 942 209 820 1388 2742 1748 1299 100 1569 695 2214 2948 454 1695 28
596 466 651 1609 1503 2235 1884 55 775 1724 868 1455 1969 1969 984 1566 1195 550 292 148 439 557 855 1042 903 2341 2827 1582 2715 284 1276 2695 2355 1712 2060 2202 2747
93 1270 1508 292 2401 2401 2005 2151 2274 2534 2802 2920 2202
1501 1501 1759 625 1275 540 2404 955 1207 2235 93 1360 735 787 1910 1910 1209 1231 1566 687 556 2418 918 2401 252 913 482 482 2109 2109 1303 1303 1348 1348 1603 1603 1725 961 2190
1933 1930 681 980 93 323 966 420 710 2662 2662 33 2765 2765 587 218 1425 80 2422 957 832 1996 1996 657 1297 1297 174 660 2146 785 2352 2753 2753 2753 1674 2003 1588
457 457 44 1927 1207 1207 2235 2235 1884 1884 1623 2378 1036 2630 2484 908 1107 2843 2198 2250 2250 2860 2860 1750 2759 525 2349 1637 841 1304 1304 700 2474 1254 1254 334 1445 1445 73 47 2635 2123 2123 2813 2026 2026 1165
1759 1158 1020 651 1026 40 2058 1879 1708 93 93 1270 2547 2484 1009 292 1691 1632 1946 1068 602 542 1858
596 2624 1326 143 44 1927 2898 1207 2147 2567 1708 93 775 2687 1231 2166 391 739 2859 2646 1028 2576 1676 1262 525 639 519 2818 571 2554
457 457 902 508 1207 2235 1884 2630 244 2599 2599 774 774 33 2077 2077 2320 1904 83 1225 128 128 2586 2133 2255 2491 2736 1409 60 2168 2014 1478 1478 2602 1129 973 960 733 1432 2063 1115 2137 1074 2564 575 2936 2835 668 974
2950 1334 1158 457 457 457 53 2462 1207 1884 2181 2837 1812 2397 107 2176 1570 2457 2467 1581 148 2018 1874 1874 2771 1680 2782 2782 1618 2015 1085 2623 2658 607 1547 2869 2701 2741 1320 419 1284 943 1902 196 2788 2884 2884
2266 457 1031 2367 118 1138 540 2288 141 323 775 655 2661 2541 2828 2087 1378 218 603 1720 2514 366 1121 1516 1516 1047 2874 125 383 2009 282 1300 1190 1190 1295 411 1825 2755 2814
1772 1326 170 428 2750 1515 2437 2235 1884 93 1705 420 2570 1227 1610 2608 2366 146 2563 1948 2066 2685 439 2073 560 667 708 708 576 61 61 1459 2301 2505 528 2679 612 631 406 1560 139 2928 1690 2850 588 2222 2222 1058
2583 508 508 2750 2235 1884 753 2946 141 2486 663 716 342 2652 2476 1312 1570 2195 2195 353 2271 691 691 1118 1118 708 708 978 854 25 2679 293 1364 2832 1560 139 2928 1110 2460 1372 2052 1701 2285 2030 1450 518
2266 2777 811 1208 1743 818 1616 2923
596 1911 625 2830 2830 540 540 169 2235 1884 1852 1852 1747 1090 1090 1812 917 1059 1076 1529 1591 2667 2585 2423 1615 826 2745 1239 2492 1564
2075 882 1790 758 812 1010 2659 2710 2067 691 691 2797 1065 1365 2127
1158 2236 625 2607 2830 2830 169 2024 1207 2235 2235 2235 1884 1884 1852 1852 1747 1090 1090 1812 2354 1335 917 1479 782 2088 24 2667 2423 2775 826 1260 1260 2745 1239 1239 1237 803 2492 1564 1808
596 1158 2403 1323 1323 2607 662 2050 1208 552 1743 2630 642 2889 1883 1883 2195 2201 2201 544 1170 1824 822 1239 1290 1029
1031 1031 1213 2443 227 1103 677 1207 1884 2673 2673 1337 2834 2100 2669 2669 2669 2669 84 135 135 135 135 2706 423 1620 977 1427 1427 2524 29 2548 1322 850 850 850 1172 2107
596 457 457 1772 1213 802 508 1927 1207 1884 2567 2567 2567 2824 927 2493 2360 323 2657 1316 1316 1790 954 2320 2801 1499 1412 1823 14 691 1140 1108 2185 926 1595 1595 2775 2775 2775 2775 2199 2242 2833 2833 2781 197 823 1907 1935
2750 955 2241 2235 2235 2147 1386 2673 2192 153 1602 1787 1270 1270 324 1992 901 1924 2573 339 1636 1636 439 488 789 2384 393 1605 1605 2096 658 2522 1937
1501 2172 1759 596 1200 1905 192 428 2024 1207 2235 2613 2486 2789 1551 1474 1908 2730 932 932 939 548 1645 286 1632 799 45 1066 10 978 978 2409 308 1060 897 2429 1382 1382 2305 2170 2786 2786 589 499 1841 1051
53 651 1026 1735 2480 169 2235 1884 2486 1433 2592 1775 292 160 160 326 474 271 271 1297 2133 926 520 494 203 1471 644 1353 1390
457 814 2047 955 472 655 1751 1182 2896 2887 2291 1315 84 1242 2869 1693 639 639 1854 1805 1805
1031 2760 1213 880 540 2094 2241 1207 2235 2235 1884 141 141 1337 1992 2789 2397 1689 1999 1551 1551 569 2652 1775 496 496 439 509 286 286 2022 1082 1082 877 370 705 1155 2713 81 2479 2479 824 824
1147 2812 1738 64 2411 2133 378 2817 1082 2229 2877 2312 86
814 1052 1046 955 2241 1924 1420 551 1736
457 457 2470 933 933 933 2804 2894 1782 1782 1207 1884 950 153 2218 813 1924 2320 1010 107 832 832 2625 1850 2782 2782 987 2842 1928 1928 1928 829 1333 236 2858 1309 2684 1817 524 2507 2507
2172 1772 1031 1911 833 1641 1761 1884 2570 1703 1999 430 2541 2365 932 578 2175 708 216 978 2609 2010 308 2784 1536 2786
2601 596 2388 1641 1641 2148 2148 2148 1515 2235 1884 2673 1747 884 2630 2630 2630 2630 2727 2823 2726 2726 2794 2794 2794 2794 1007 1447 2134 872 1614
1506 1911 2443 2235 2235 1884 1708 141 1724 2789 1916 820 1689 1551 496 95 498 2018 2776 439 1568 2625 286 2031 620 1082 825 607 2392 2186 2952 1155 2451 1962 2273 2713 2479 824 824 1530
1759 919 2114 2319 568 568 304 2677 1968 263 2105
1759 457 1026 2804 2024 2024 1207 856 1924 2652 2418 551 2495 1392 2636 2317 1264 1798 2265 462 2226 2569 1464
1158 1200 67 1213 1213 2804 2235 1884 2058 2058 1708 340 737 2484 2298 1426 1420 2445 2473 2016 1262 438 438 1448 384 2940 646
1031 1031 1031 1326 1153 1965 1965 1275 522 1100 1639 1643 1643 2630 663 1610 909 2077 121 1131 2381 2319 637 1487 2628 2628 2691 2204 2203 890 1043 1043 129 2251 2251 2118 2600 136 1599 1599 1470
596 1578 1578 1031 1213 1026 2804 1152 2050 169 2024 1207 2235 2235 1884 2379 1699 307 231 1230 2538 1987 1497 2849 764 1523 1633 2723 2320 1742 2405 1656 346 346 533 533 2456 2079 2252 2161 66 2333 276 2631 2111 161 161
596 2603 15 677 1740 349 1207 2235 2235 1884 472 261 1100 1837 906 923 1644 1394 1394 2320 1631 283 533 533 1762 1762 2649 2161 246
967 910 1852 2114 2484 458 1570 2307 292 2643 1711 1711 2494
1158 2760 1046 1004 1207 2235 2235 1884 2369 1396 2125 942 1992 27 2049 2727 763 763 2173 332 926 877 1967 206 2157 615
1031 278 44 2819 2129 1708 12 12 2575 1893 2693 1527 1248 1915 1669 1789 1088 1274 2800 2335
1334 1158 968 489 1503 664 664 664 946 323 2852 1433 496 496 2175 1269 784 2680 989 1494 2944 1582 1575 2719 187 732 2069 72 1539 2184
